function [r] = s(k)%±í¸ñº¯Êý
r=-45.2942+94.1943*k-6.1268*k^2;
end

