l = 12.2543111057
x = [-0.6740214065	1.0000000000	-0.8895570705]
