l = 98.5216977084
x = [-0.6039723423	1.0000000000	-0.2511351305	0.1489534456]
